(7,14035):10.316295, 0.222222
(27,7285):7.179233, 0.25
(118,3379):5.481811, 0.222222
(125,14318):9.542722, 0.222222
(128,3135):4.202726, 0.285714
(129,9044):9.620726, 0.222222
(160,2910):8.231202, 0.222222
(161,2256):11.458835, 0.2
(161,5386):7.606821, 0.222222
(199,4799):6.270034, 0.285714
(232,10927):7.108558, 0.222222
(254,12606):10.487627, 0.2
(271,3711):8.761246, 0.285714
(274,10284):5.112958, 0.285714
(292,1405):9.399188, 0.222222
(338,11198):11.311276, 0.2
(370,9936):11.898662, 0.2
(371,2340):6.239687, 0.2
(458,2118):7.071851, 0.2
(516,4270):7.776644, 0.333333
(517,5734):10.268004, 0.222222
(530,9841):2.971389, 0.222222
(538,7217):8.702982, 0.222222
(544,7430):0.97374, 0.2
(580,10059):7.8539, 0.2
(589,9874):6.880849, 0.2
(591,10057):11.911289, 0.272727
(633,9508):7.548578, 0.2
(637,2809):5.128615, 0.2
(644,6538):5.891808, 0.3
(644,13208):9.275793, 0.25
(652,1046):9.808934, 0.222222
(666,3866):8.888319, 0.222222
(666,4337):6.750922, 0.25
(681,3126):4.221159, 0.25
(712,4311):2.775619, 0.2
(715,5356):11.24255, 0.2
(717,744):11.127292, 0.285714
(728,11942):3.387919, 0.2
(766,1058):11.541769, 0.333333
(784,5929):8.120529, 0.2
(897,1230):10.178856, 0.2
(927,5124):7.074999, 0.2
(929,5808):8.503792, 0.25
(943,9609):8.61753, 0.25
(961,2225):10.991274, 0.285714
(962,4847):9.038915, 0.2
(969,10160):11.946051, 0.25
(973,1802):10.297246, 0.25
(1025,3854):6.674149, 0.2
(1079,2337):11.630219, 0.25
(1093,3252):11.031208, 0.2
(1115,5006):4.794633, 0.2
(1140,13569):8.881776, 0.4
(1146,11582):9.872486, 0.2
(1172,3966):6.826491, 0.2
(1176,3829):9.32005, 0.2
(1178,5865):5.500245, 0.333333
(1186,2058):6.188799, 0.25
(1278,11542):11.878484, 0.222222
(1315,5889):7.340692, 0.222222
(1320,8262):3.626858, 0.2
(1321,2526):10.314367, 0.5
(1335,10887):10.273711, 0.333333
(1368,1842):1.102874, 0.2
(1386,5799):5.858578, 0.2
(1410,3493):6.463304, 0.2
(1438,5664):6.960218, 0.222222
(1444,6158):11.750072, 0.2
(1463,2510):10.46585, 0.2
(1516,5468):3.803318, 0.2
(1543,4792):10.856667, 0.428571
(1544,3268):9.433037, 0.285714
(1544,6493):6.899405, 0.285714
(1544,13117):10.873783, 0.222222
(1577,2748):9.279382, 0.222222
(1578,3275):9.565228, 0.25
(1642,7429):10.829842, 0.2
(1642,9937):5.449893, 0.2
(1653,4327):4.892984, 0.222222
(1676,4185):4.762926, 0.2
(1694,5417):8.226163, 0.25
(1699,8377):5.605725, 0.25
(1763,3678):7.47904, 0.222222
(1770,7073):10.691512, 0.4
(1775,8280):8.948141, 0.2
(1801,11451):7.884833, 0.2
(1820,10084):10.425003, 0.2
(1828,11162):9.13104, 0.2
(1850,2694):9.332903, 0.25
(1872,2503):11.616557, 0.333333
(1925,5334):8.77422, 0.222222
(1925,14243):5.045154, 0.25
(1975,10609):2.948634, 0.25
(2049,6891):6.873059, 0.2
(2072,10616):9.810446, 0.25
(2077,5085):3.23476, 0.285714
(2117,5117):7.557476, 0.25
(2118,6875):10.894667, 0.2
(2165,9201):4.976047, 0.2
(2179,13666):8.653405, 0.2
(2208,9671):3.200423, 0.25
(2224,3301):11.294017, 0.222222
(2240,4590):9.937242, 0.25
(2245,7974):9.279628, 0.2
(2258,14573):11.866202, 0.2
(2337,14110):10.185632, 0.2
(2393,5314):7.820979, 0.25
(2398,13369):10.965903, 0.2
(2407,7710):8.166243, 0.2
(2442,4584):2.448799, 0.333333
(2442,9033):9.784872, 0.2
(2443,13306):8.316226, 0.2
(2469,6072):6.678754, 0.333333
(2469,14052):8.753084, 0.333333
(2510,13123):11.209281, 0.2
(2577,12925):6.813794, 0.2
(2620,5356):6.460073, 0.25
(2620,11192):9.464988, 0.2
(2680,3078):9.10398, 0.2
(2699,9581):7.447792, 0.2
(2722,14992):4.937482, 0.25
(2777,14090):9.775613, 0.2
(2833,6786):11.829166, 0.285714
(2842,5836):11.66871, 0.285714
(2856,8741):5.260022, 0.2
(2891,14778):6.042854, 0.25
(2915,5808):10.567238, 0.25
(2927,11219):3.37582, 0.333333
(2939,9567):10.989934, 0.2
(2967,5267):9.450278, 0.222222
(2972,4060):6.177781, 0.222222
(3039,4246):9.403215, 0.2
(3133,3914):8.211723, 0.285714
(3142,5367):5.217196, 0.2
(3142,8621):9.081288, 0.333333
(3181,3226):9.942473, 0.222222
(3181,11711):3.942418, 0.222222
(3185,4139):10.259507, 0.25
(3206,9840):9.703098, 0.25
(3224,5655):6.126879, 0.333333
(3226,11711):11.168402, 0.2
(3268,6493):2.559678, 0.25
(3268,13117):1.542947, 0.2
(3283,3818):11.195667, 0.2
(3287,7680):3.976054, 0.2
(3302,4062):11.37412, 0.2
(3302,7104):7.764149, 0.2
(3303,6372):10.759611, 0.2
(3303,6411):8.328712, 0.2
(3313,3402):9.943807, 0.5
(3356,6368):7.716263, 0.2
(3369,3936):9.850814, 0.285714
(3386,12262):11.138344, 0.333333
(3448,6042):7.919008, 0.222222
(3451,4546):4.827319, 0.222222
(3478,8084):2.845196, 0.285714
(3491,3966):3.241748, 0.222222
(3499,7516):9.826003, 0.2
(3509,6180):10.735078, 0.2
(3547,6371):6.240487, 0.222222
(3638,6391):11.652224, 0.25
(3646,11439):0.670835, 0.2
(3653,11924):7.686558, 0.2
(3654,10004):1.972591, 0.25
(3689,6289):7.856507, 0.222222
(3727,4561):10.61202, 0.333333
(3742,9608):9.496165, 0.428571
(3750,6609):2.550359, 0.2
(3756,10615):2.618973, 0.222222
(3796,12998):8.301635, 0.222222
(3829,7696):8.695883, 0.2
(3864,4802):7.567012, 0.272727
(3872,7379):0.661779, 0.2
(3891,7974):11.820608, 0.2
(3891,10992):11.07775, 0.333333
(3910,4253):11.098272, 0.2
(3921,11398):7.999053, 0.222222
(3971,9044):11.3493, 0.222222
(4084,13665):10.40485, 0.2
(4093,10198):6.409661, 0.25
(4112,8921):2.050894, 0.222222
(4170,8761):10.045856, 0.2
(4243,14478):10.588604, 0.222222
(4272,14403):7.459997, 0.222222
(4309,11542):8.455242, 0.285714
(4338,12782):2.190229, 0.25
(4362,9391):7.607105, 0.222222
(4397,5963):3.660349, 0.2
(4405,5226):4.388676, 0.25
(4432,4518):5.731062, 0.2
(4496,11909):7.304495, 0.25
(4502,7430):2.596556, 0.2
(4535,8630):6.993499, 0.2
(4535,13603):4.94741, 0.25
(4537,9033):9.062948, 0.2
(4540,5617):8.154681, 0.2
(4584,9033):11.150228, 0.2
(4598,11356):9.364251, 0.2
(4615,11044):10.635703, 0.25
(4630,5768):10.135913, 0.333333
(4631,7016):4.813394, 0.2
(4689,5072):11.860378, 0.2
(4698,5295):11.440488, 0.2
(4739,8963):10.882851, 0.4
(4739,14029):10.393995, 0.285714
(4742,11167):9.189419, 0.222222
(4780,12505):4.862166, 0.25
(4792,9993):4.278369, 0.333333
(4794,13947):10.937705, 0.2
(4811,5933):7.799551, 0.25
(4841,10972):11.658398, 0.2
(4844,13234):7.170521, 0.222222
(4999,8084):7.490738, 0.25
(5019,11505):3.582875, 0.2
(5061,9601):6.650832, 0.4
(5062,7433):10.137404, 0.2
(5077,7874):10.803679, 0.222222
(5096,9850):10.153234, 0.222222
(5100,10326):11.194937, 0.222222
(5135,8382):8.779605, 0.222222
(5269,7615):7.534642, 0.3
(5334,14243):11.318323, 0.222222
(5359,13528):10.841733, 0.2
(5361,9362):5.449038, 0.2
(5365,9148):5.858826, 0.333333
(5447,14811):7.407269, 0.2
(5471,12590):11.380609, 0.222222
(5591,9040):7.48047, 0.222222
(5608,5791):4.484815, 0.25
(5610,9293):4.147815, 0.285714
(5652,8255):4.810967, 0.2
(5678,5833):4.31707, 0.333333
(5738,6963):7.600143, 0.25
(5774,7754):9.666002, 0.222222
(5785,6947):6.053294, 0.2
(5859,6205):7.961007, 0.2
(5859,7631):7.161302, 0.2
(5863,8273):7.135323, 0.2
(5863,8769):5.487051, 0.2
(5863,11494):3.74791, 0.2
(5865,8863):9.340832, 0.2
(5883,6452):9.748792, 0.285714
(5884,9447):7.850389, 0.2
(5887,9677):11.088345, 0.2
(5974,6655):7.367615, 0.2
(6015,9372):7.504354, 0.2
(6024,7596):7.102207, 0.2
(6024,10493):11.062982, 0.2
(6034,8982):6.859799, 0.2
(6036,8296):4.601684, 0.2
(6036,10157):8.2272, 0.2
(6044,10056):6.517794, 0.2
(6053,7339):10.423797, 0.2
(6053,10473):8.18367, 0.2
(6072,14052):2.821323, 0.333333
(6131,10326):8.161274, 0.2
(6136,8223):7.822006, 0.285714
(6162,10650):4.371193, 0.2
(6162,13527):8.971629, 0.2
(6173,11687):1.640176, 0.25
(6198,8016):6.944431, 0.25
(6205,7631):8.822845, 0.2
(6257,9111):2.565182, 0.2
(6262,6788):5.881112, 0.2
(6262,6844):8.221503, 0.2
(6262,8568):10.591401, 0.2
(6267,8047):10.250393, 0.2
(6294,12018):8.415581, 0.25
(6311,8851):8.333396, 0.25
(6370,6863):11.675124, 0.2
(6372,6411):9.358729, 0.2
(6404,8340):5.766359, 0.2
(6422,10774):6.236711, 0.2
(6449,7578):4.393298, 0.2
(6473,13744):7.609234, 0.333333
(6492,6590):5.803944, 0.25
(6492,11067):8.92636, 0.2
(6493,13117):4.067007, 0.2
(6515,10060):8.466788, 0.2
(6525,6546):3.557317, 0.2
(6525,10871):7.193645, 0.25
(6525,10982):10.513072, 0.2
(6538,13208):10.591236, 0.222222
(6544,9447):7.175465, 0.2
(6546,10871):6.982112, 0.25
(6546,10982):7.989686, 0.2
(6549,8340):9.478057, 0.2
(6566,11662):11.608589, 0.333333
(6635,11077):10.369726, 0.222222
(6658,7681):11.39306, 0.2
(6658,8344):6.013213, 0.2
(6658,9517):1.265432, 0.2
(6658,10594):5.74497, 0.2
(6662,13373):11.066202, 0.2
(6723,12417):8.170847, 0.2
(6732,7234):10.299566, 0.2
(6741,14504):2.427359, 0.2
(6756,7377):8.606166, 0.2
(6756,10749):7.446723, 0.2
(6776,8450):11.179138, 0.2
(6776,10071):8.026453, 0.2
(6782,9516):11.065953, 0.2
(6786,10560):6.966169, 0.25
(6788,6844):9.708804, 0.2
(6815,7117):0.543058, 0.2
(6815,8569):7.910435, 0.2
(6836,9186):5.157221, 0.2
(6839,12926):2.909419, 0.25
(6844,8568):9.198406, 0.2
(6904,9983):11.065034, 0.222222
(6923,10428):5.642304, 0.25
(6928,7237):8.320059, 0.2
(7025,13769):10.088456, 0.25
(7040,9372):10.661092, 0.2
(7083,8911):11.980985, 0.2
(7090,8116):6.18569, 0.2
(7117,8569):7.387106, 0.2
(7143,13585):6.555903, 0.2
(7189,8568):6.537257, 0.2
(7189,9181):11.750042, 0.2
(7213,7336):7.077227, 0.2
(7220,14464):5.591611, 0.25
(7291,11416):8.457744, 0.222222
(7315,12875):7.655377, 0.222222
(7359,9356):5.879003, 0.25
(7377,9086):11.327089, 0.2
(7377,10749):6.66283, 0.2
(7413,8424):2.694, 0.25
(7413,10137):5.943283, 0.2
(7430,9622):6.44688, 0.2
(7440,9033):2.300734, 0.25
(7485,9411):10.354602, 0.2
(7485,9991):11.880722, 0.2
(7504,8253):9.096095, 0.25
(7504,8534):8.032191, 0.2
(7518,14493):9.865731, 0.2
(7562,10304):9.356804, 0.2
(7642,8552):6.516626, 0.2
(7651,9394):9.742672, 0.333333
(7681,8273):10.505264, 0.2
(7681,9517):10.469623, 0.2
(7708,9775):3.996572, 0.2
(7724,12775):7.881248, 0.222222
(7745,9160):8.756477, 0.333333
(7801,14793):11.810594, 0.285714
(7830,10164):5.109944, 0.222222
(7845,12696):8.324827, 0.5
(7847,9210):11.333199, 0.2
(7848,9487):8.894811, 0.25
(7872,8639):6.862349, 0.25
(7874,8173):3.489111, 0.333333
(7895,8804):5.781835, 0.2
(7939,9057):2.756486, 0.2
(7939,12845):8.775459, 0.25
(7987,8952):4.631175, 0.333333
(7987,9293):6.444431, 0.25
(7995,9972):7.878754, 0.2
(8019,11653):9.235309, 0.285714
(8030,10456):6.773891, 0.2
(8067,9604):8.461679, 0.2
(8067,11460):6.736152, 0.2
(8084,9658):7.458194, 0.2
(8095,14345):10.239337, 0.2
(8109,8787):4.571074, 0.333333
(8109,8862):4.054181, 0.333333
(8109,8928):5.968658, 0.333333
(8109,9463):9.773063, 0.2
(8114,8247):9.390313, 0.2
(8114,9698):2.791145, 0.2
(8114,9968):7.125471, 0.2
(8116,8212):6.85122, 0.2
(8116,9691):9.749997, 0.2
(8117,9340):11.790622, 0.285714
(8122,11252):9.089498, 0.5
(8124,9065):11.764974, 1.0
(8135,8895):6.694917, 1.0
(8148,8232):8.35774, 0.2
(8148,9532):1.703945, 0.2
(8177,9009):10.051916, 0.25
(8195,8549):7.756009, 0.333333
(8202,10935):11.047262, 0.25
(8212,9691):9.171972, 0.2
(8212,10576):10.446802, 0.2
(8232,9532):6.987881, 0.2
(8247,9584):10.085916, 0.2
(8247,9698):11.747501, 0.2
(8253,8534):8.545285, 0.25
(8253,13405):11.095218, 0.2
(8258,9131):4.519413, 0.2
(8273,8566):11.089625, 0.2
(8273,8769):1.730696, 0.2
(8273,11494):7.458573, 0.2
(8286,10737):9.467473, 0.25
(8296,10157):4.097812, 0.2
(8305,9667):6.880704, 0.2
(8333,9437):1.958111, 0.2
(8344,8384):9.125963, 0.2
(8344,9517):7.246604, 0.2
(8344,10594):7.918024, 0.2
(8369,10308):3.656455, 0.2
(8384,10594):8.34144, 0.2
(8390,8405):2.532607, 0.2
(8394,11370):6.66403, 0.2
(8409,14035):8.253402, 0.222222
(8424,10137):4.034312, 0.25
(8444,10243):7.996794, 0.333333
(8471,9181):1.949606, 0.2
(8471,13527):8.193874, 0.2
(8521,11919):11.673877, 0.25
(8537,9156):9.949701, 0.333333
(8560,8655):6.177598, 0.2
(8566,8769):11.156722, 0.2
(8566,11494):11.484428, 0.2
(8574,13729):9.411586, 0.2
(8587,11482):11.910056, 0.222222
(8621,14441):5.652249, 0.2
(8630,13603):2.07269, 0.25
(8650,11459):4.816859, 0.333333
(8666,12086):11.080429, 0.2
(8673,9311):3.501996, 0.2
(8675,10668):5.318797, 0.2
(8691,12863):8.397292, 0.2
(8706,13206):11.88706, 0.25
(8724,13555):2.432497, 0.222222
(8726,9896):7.233005, 0.2
(8769,11494):5.795953, 0.2
(8787,8862):7.913919, 1.0
(8787,8928):7.556302, 1.0
(8862,8928):4.04287, 1.0
(8952,9293):10.463102, 0.25
(9057,11360):1.160115, 0.2
(9057,12629):8.105106, 0.2
(9057,12845):7.509703, 0.25
(9122,10334):3.84954, 0.2
(9134,13012):8.950266, 0.285714
(9181,13527):9.955427, 0.2
(9207,14348):3.477572, 0.2
(9268,11225):10.218175, 0.2
(9274,9351):5.966972, 0.25
(9306,9767):11.685901, 0.333333
(9306,12430):8.362629, 0.2
(9311,10194):9.280789, 0.2
(9315,11771):8.684736, 0.2
(9351,9452):8.136599, 0.2
(9364,11493):10.008875, 0.2
(9400,9786):11.577258, 0.2
(9405,11098):8.824454, 0.222222
(9430,10214):8.62835, 0.2
(9448,10733):10.996653, 0.2
(9460,10574):6.260935, 0.2
(9516,10733):2.190614, 0.2
(9517,10594):6.283164, 0.2
(9555,10090):8.05128, 0.2
(9567,13725):10.278593, 0.25
(9582,11325):6.057658, 0.5
(9604,10493):10.809986, 0.2
(9604,11460):5.736326, 0.2
(9620,13567):9.655382, 0.2
(9630,10595):2.06176, 0.2
(9676,10513):2.950657, 0.2
(9676,10853):2.790745, 0.2
(9677,11268):10.112861, 0.2
(9691,10576):11.343388, 0.2
(9698,9968):4.335417, 0.2
(9767,12430):6.82222, 0.2
(9803,13642):2.253209, 0.222222
(9893,13444):6.73902, 0.285714
(9940,12986):8.503493, 0.333333
(9944,11266):2.388941, 0.2
(9972,14658):3.256051, 0.2
(9978,10327):4.932325, 0.2
(9989,10232):7.763802, 0.2
(9991,10531):5.637973, 0.2
(10032,13561):8.127993, 0.2
(10060,10182):8.580525, 0.333333
(10099,10161):9.489699, 0.2
(10218,10579):10.772907, 0.2
(10257,10518):9.951373, 0.2
(10283,10288):10.066922, 0.25
(10400,13102):7.003813, 0.285714
(10422,13508):4.630208, 0.2
(10426,10795):11.396641, 0.2
(10426,11256):3.415571, 0.2
(10513,10853):3.910629, 0.2
(10579,10827):9.525502, 0.25
(10628,14084):10.534294, 0.25
(10629,11406):9.451593, 0.2
(10650,13527):5.468631, 0.2
(10723,11083):9.375038, 0.2
(10739,11958):8.569434, 0.3
(10785,10913):9.554321, 0.25
(10787,11508):6.370172, 0.2
(10795,11256):11.09664, 0.2
(10869,11471):11.028641, 0.285714
(10871,10982):6.15744, 0.25
(10996,11422):11.633465, 0.2
(11083,11577):11.915045, 0.25
(11090,14286):2.032513, 0.222222
(11210,13646):8.444959, 0.333333
(11212,13186):10.887272, 0.2
(11293,11339):11.948036, 0.333333
(11311,14071):11.114503, 0.25
(11360,12629):7.058176, 1.0
(11451,12995):10.902113, 0.2
(11490,11674):10.863778, 0.2
(11516,11654):7.621428, 0.222222
(11516,12874):11.828061, 0.3
(11635,12477):7.189237, 0.2
(11780,13522):11.334716, 0.25
(11798,13522):4.87077, 0.285714
(12013,13903):11.695117, 0.2
(12118,12917):5.860218, 0.285714
(12206,12616):4.322125, 0.222222
(12373,14680):11.204338, 0.222222
(12391,13592):10.078698, 0.222222
(12636,12682):5.815168, 0.285714
(12711,12718):3.802507, 0.2
(12783,13094):10.924022, 0.2
(12794,14305):0.750897, 0.2
(12831,13836):6.262584, 0.25
(13090,13608):8.304718, 0.2
(13585,13739):8.285647, 0.285714
(13888,14002):6.114831, 0.2
(13899,14793):7.838483, 0.2
(14166,14465):10.721469, 0.222222
(14282,14465):4.457626, 0.25
(14310,14718):11.230985, 0.285714
(14339,14449):7.134697, 0.375
(14387,14820):8.038908, 0.214286
(14425,14916):11.583733, 0.214286
(14566,14705):8.878952, 0.230769
(14580,14829):10.592269, 0.6
(14625,14645):4.816212, 0.375
(14626,14699):8.271128, 0.428571
(14791,14995):8.977025, 0.222222
(14912,14968):9.963978, 0.222222
