(474,7720):126.347806, 0.666667
(477,11584):109.464334, 0.666667
(712,871):137.438842, 1.0
(712,5425):22.151019, 0.75
(720,7758):126.856308, 0.6
(721,1349):116.475425, 0.666667
(871,5425):136.738645, 0.75
(921,2676):100.408521, 0.6
(921,7201):41.082064, 0.6
(959,9179):120.274322, 0.666667
(1058,2469):84.207368, 0.6
(1058,6072):77.561905, 0.6
(1178,7691):74.04615, 0.75
(1221,6077):112.642437, 0.6
(1222,4792):92.754352, 0.8
(1250,2652):88.907374, 0.6
(1328,1514):125.388102, 0.6
(1335,7083):78.630774, 0.6
(1335,8206):95.799582, 0.6
(1335,8581):117.095011, 0.75
(1637,4334):66.964878, 0.6
(1699,5061):83.126923, 0.6
(1699,5841):140.502388, 0.6
(1810,2845):83.191898, 0.6
(1892,2682):88.882281, 0.6
(1952,3031):33.318674, 0.6
(2506,12950):93.862931, 0.6
(2526,2647):104.19339, 0.6
(2626,4113):112.958781, 1.0
(2682,7608):88.680162, 0.6
(2722,9798):141.483576, 0.6
(2755,5657):78.431137, 0.75
(2786,3017):57.820759, 0.666667
(2786,3170):131.611133, 0.666667
(2786,3455):25.921879, 0.666667
(2786,3646):62.70537, 0.666667
(2786,4027):88.2352, 0.666667
(2786,4036):24.072325, 0.666667
(2786,4591):137.254517, 0.666667
(2807,3236):20.9935, 1.0
(2807,3727):128.554597, 1.0
(2807,4145):116.214934, 1.0
(2953,2955):105.721167, 1.0
(3017,3170):74.182072, 1.0
(3017,3455):81.942461, 1.0
(3017,3646):99.601233, 1.0
(3017,3707):46.486927, 0.666667
(3017,4027):102.403931, 1.0
(3017,4036):70.452447, 1.0
(3017,4591):81.401664, 1.0
(3170,3707):78.499373, 0.666667
(3170,4027):147.071085, 1.0
(3170,4036):144.130043, 1.0
(3170,4591):16.161577, 1.0
(3236,3727):109.25774, 1.0
(3236,4145):96.031848, 1.0
(3313,3998):88.462392, 0.666667
(3333,6947):105.089202, 0.75
(3343,8761):111.653794, 0.75
(3402,4246):83.804845, 1.0
(3402,4255):132.423836, 1.0
(3455,3646):47.114489, 1.0
(3455,3707):91.180509, 0.666667
(3455,4027):82.044828, 1.0
(3455,4036):36.531712, 1.0
(3466,7650):122.969096, 0.6
(3646,3707):84.532565, 0.666667
(3646,4027):41.094377, 1.0
(3646,4036):81.8945, 1.0
(3707,4027):69.202203, 0.666667
(3707,4036):97.95239, 0.666667
(3707,4591):76.15299, 0.666667
(3727,4145):19.031151, 1.0
(3800,3973):65.550108, 0.6
(3910,8551):131.19663, 0.666667
(3981,4139):101.169918, 1.0
(4027,4036):111.341909, 1.0
(4027,4591):142.572702, 1.0
(4139,4561):82.336433, 1.0
(4246,4255):52.045347, 1.0
(4272,7848):61.689397, 0.666667
(4272,8236):72.143175, 0.75
(4272,8251):114.854367, 0.666667
(4361,7735):20.273048, 1.0
(4361,7895):105.783161, 1.0
(4361,7983):39.042039, 1.0
(4361,8069):33.929365, 0.6
(4361,8135):32.493648, 1.0
(4361,8316):93.520697, 1.0
(4361,8330):66.369707, 1.0
(4361,8682):60.022181, 1.0
(4361,8895):31.634633, 1.0
(4361,9057):140.568084, 0.6
(4361,9156):107.470031, 1.0
(4361,9171):82.478948, 1.0
(4361,9492):109.985913, 0.8
(4438,6809):101.700294, 0.666667
(4865,5184):108.933767, 1.0
(4911,6633):31.234775, 0.75
(5061,5841):84.880358, 0.6
(5663,6354):142.768533, 0.6
(5734,8442):112.208564, 0.75
(5836,10278):68.527409, 0.666667
(5932,9968):67.208107, 1.0
(6028,6034):82.036713, 1.0
(6028,6136):52.502624, 1.0
(6028,6178):92.925934, 0.6
(6028,6295):93.723748, 0.6
(6028,7072):39.871837, 0.6
(6028,9067):54.523627, 0.6
(6034,6136):62.862085, 1.0
(6034,6178):61.035125, 0.6
(6034,7072):50.912893, 0.6
(6034,9067):91.383313, 0.6
(6136,6178):42.14365, 0.6
(6136,6295):124.515654, 0.6
(6136,7072):59.506789, 0.6
(6136,9067):28.926525, 0.6
(6262,7336):49.909182, 1.0
(6291,11938):75.35565, 0.6
(6295,7072):132.913741, 0.6
(6295,9067):102.058791, 0.6
(6332,8084):62.125309, 0.6
(6368,8551):53.038721, 0.666667
(6368,10273):134.012434, 0.6
(6525,9532):90.226688, 1.0
(6808,8343):105.310395, 1.0
(6809,8581):91.667146, 0.666667
(6836,7848):62.773664, 0.666667
(6836,8251):111.585414, 0.666667
(7072,9067):77.871013, 0.6
(7083,8206):29.975148, 0.6
(7135,9169):91.417017, 0.75
(7359,8424):131.941804, 1.0
(7651,8153):131.280469, 1.0
(7651,8952):98.232036, 1.0
(7651,9259):62.199635, 1.0
(7735,7873):146.550409, 1.0
(7735,7895):93.441762, 1.0
(7735,7983):20.184025, 1.0
(7735,8069):37.856495, 0.6
(7735,8135):47.337533, 1.0
(7735,8316):91.292104, 1.0
(7735,8330):60.60127, 1.0
(7735,8436):138.703787, 1.0
(7735,8682):44.077501, 1.0
(7735,8895):48.610009, 1.0
(7735,9057):128.143421, 0.6
(7735,9156):88.516503, 1.0
(7735,9171):70.282053, 1.0
(7735,9351):145.841419, 0.6
(7735,9492):92.942616, 0.8
(7745,7903):30.155545, 1.0
(7745,8109):20.571741, 1.0
(7745,9111):108.091733, 1.0
(7745,9293):54.419023, 0.666667
(7745,9557):77.869895, 1.0
(7745,9613):132.841985, 1.0
(7750,7872):78.967373, 1.0
(7750,7927):76.630314, 1.0
(7750,7987):22.129092, 1.0
(7750,8077):95.837637, 1.0
(7750,8095):85.089219, 1.0
(7750,8124):89.47403, 1.0
(7750,8263):43.462311, 1.0
(7750,8428):125.788588, 1.0
(7750,8514):103.314799, 1.0
(7750,8621):62.683318, 1.0
(7750,8787):87.528841, 1.0
(7750,8838):97.305884, 1.0
(7750,8862):95.283462, 1.0
(7750,8928):94.737908, 1.0
(7750,9065):81.125163, 1.0
(7750,9107):67.141313, 1.0
(7750,9160):67.579062, 1.0
(7750,9274):93.693049, 1.0
(7750,9297):69.870596, 0.666667
(7856,7857):111.873865, 0.6
(7872,7927):55.077602, 1.0
(7872,7987):101.081015, 1.0
(7872,8077):77.910077, 1.0
(7872,8095):82.628111, 1.0
(7872,8124):95.778577, 1.0
(7872,8263):66.854263, 1.0
(7872,8428):88.584353, 1.0
(7872,8514):40.887651, 1.0
(7872,8621):137.741899, 1.0
(7872,8838):130.452155, 1.0
(7872,9065):84.152168, 1.0
(7872,9107):133.180378, 1.0
(7872,9160):139.104852, 1.0
(7872,9297):69.762852, 0.666667
(7873,7895):56.267205, 1.0
(7873,8135):145.862285, 1.0
(7873,8316):72.732873, 1.0
(7873,8330):89.905621, 1.0
(7873,8510):74.584233, 0.6
(7873,8682):106.473163, 1.0
(7873,9057):31.474782, 0.6
(7895,7983):94.795025, 1.0
(7895,8069):131.156376, 0.6
(7895,8135):103.988452, 1.0
(7895,8316):52.048572, 1.0
(7895,8330):46.436484, 1.0
(7895,8436):148.741779, 1.0
(7895,8510):79.105847, 0.6
(7895,8682):51.043595, 1.0
(7895,8691):144.10645, 1.0
(7895,8895):110.338538, 1.0
(7895,9057):34.832614, 0.6
(7895,9156):117.368107, 1.0
(7895,9171):139.862241, 1.0
(7895,9351):121.277179, 0.6
(7895,9492):135.549926, 0.8
(7903,8109):34.288826, 1.0
(7903,9111):136.433148, 1.0
(7903,9293):82.750049, 0.666667
(7903,9557):83.427449, 1.0
(7927,7987):94.854844, 1.0
(7927,8077):24.720592, 1.0
(7927,8095):27.859202, 1.0
(7927,8124):136.601939, 1.0
(7927,8263):93.978875, 1.0
(7927,8428):142.36571, 1.0
(7927,8514):95.945064, 1.0
(7927,8621):138.247029, 1.0
(7927,8787):131.053709, 1.0
(7927,8862):138.411993, 1.0
(7927,8928):135.795084, 1.0
(7927,9065):125.046478, 1.0
(7927,9107):143.48032, 1.0
(7927,9160):112.045188, 1.0
(7927,9297):109.74923, 0.666667
(7981,8519):66.312627, 1.0
(7983,8069):41.780065, 0.6
(7983,8135):67.49742, 1.0
(7983,8316):102.983473, 1.0
(7983,8330):70.930025, 1.0
(7983,8436):118.930861, 1.0
(7983,8682):43.838367, 1.0
(7983,8691):146.0156, 1.0
(7983,8895):68.749857, 1.0
(7983,9057):128.360178, 0.6
(7983,9156):68.549593, 1.0
(7983,9171):53.522925, 1.0
(7983,9351):129.128532, 0.6
(7983,9492):72.883012, 0.8
(7987,8077):111.505844, 1.0
(7987,8095):98.639194, 1.0
(7987,8124):98.782405, 1.0
(7987,8263):57.73446, 1.0
(7987,8428):141.869485, 1.0
(7987,8514):123.938959, 1.0
(7987,8621):43.5815, 1.0
(7987,8787):70.620204, 1.0
(7987,8838):97.000054, 1.0
(7987,8862):77.993436, 1.0
(7987,8928):78.114202, 1.0
(7987,9065):92.418175, 1.0
(7987,9107):54.270349, 1.0
(7987,9160):52.337757, 1.0
(7987,9274):78.037877, 1.0
(7987,9297):83.749656, 0.666667
(7999,8288):70.980698, 0.6
(7999,8705):116.206998, 1.0
(7999,8939):67.876557, 0.6
(7999,9780):111.850716, 0.75
(7999,11188):112.115919, 0.75
(7999,11360):24.668826, 0.75
(7999,11625):35.479773, 0.75
(7999,11634):12.603439, 0.75
(7999,12324):14.123151, 0.75
(7999,12629):20.500777, 0.75
(7999,13088):124.268689, 0.75
(7999,13136):44.894134, 0.75
(8069,8135):64.070723, 0.6
(8069,8316):126.236823, 0.6
(8069,8330):97.136915, 0.6
(8069,8436):148.254742, 0.6
(8069,8682):80.986586, 0.6
(8069,8895):61.115647, 0.6
(8069,9156):98.571353, 0.6
(8069,9171):59.257518, 0.6
(8069,9394):86.84806, 0.666667
(8077,8095):17.167508, 1.0
(8077,8263):117.804801, 1.0
(8077,8514):118.33303, 1.0
(8077,8787):135.66592, 1.0
(8077,8862):142.391454, 1.0
(8077,8928):139.275132, 1.0
(8077,9065):149.66581, 1.0
(8077,9160):118.575288, 1.0
(8077,9297):134.382931, 0.666667
(8095,8263):112.343411, 1.0
(8095,8514):123.510382, 1.0
(8095,8621):141.765129, 1.0
(8095,8787):118.650876, 1.0
(8095,8862):125.311322, 1.0
(8095,8928):122.164696, 1.0
(8095,9065):146.602651, 1.0
(8095,9160):101.873468, 1.0
(8095,9297):131.549591, 0.666667
(8109,9111):119.657093, 1.0
(8109,9293):67.65161, 0.666667
(8109,9557):98.305287, 1.0
(8109,9613):146.08675, 1.0
(8117,9027):39.899407, 1.0
(8117,11245):131.097056, 0.666667
(8117,13522):146.859171, 0.6
(8124,8263):47.582878, 1.0
(8124,8428):58.059317, 1.0
(8124,8514):79.472844, 1.0
(8124,8621):103.601026, 1.0
(8124,8838):42.57808, 1.0
(8124,9065):11.764974, 1.0
(8124,9107):83.213019, 1.0
(8124,9274):103.316388, 1.0
(8124,9297):27.002092, 0.666667
(8135,8316):75.99834, 1.0
(8135,8330):58.118998, 1.0
(8135,8682):70.358176, 1.0
(8135,8895):6.694917, 1.0
(8135,9057):137.035125, 0.6
(8135,9156):135.31252, 1.0
(8135,9171):114.805192, 1.0
(8135,9492):140.255171, 0.8
(8151,8897):77.644611, 1.0
(8153,8952):50.897094, 1.0
(8153,9259):98.623077, 1.0
(8154,8155):35.547746, 1.0
(8154,9111):51.909188, 1.0
(8154,9293):97.397832, 0.666667
(8154,9557):121.79711, 1.0
(8154,9613):24.018459, 1.0
(8155,9111):77.247574, 1.0
(8155,9293):128.47812, 0.666667
(8155,9613):49.793646, 1.0
(8202,8537):48.578909, 0.666667
(8206,10255):107.944024, 0.6
(8253,8424):71.292121, 1.0
(8263,8428):84.140069, 1.0
(8263,8514):73.338484, 1.0
(8263,8621):79.334628, 1.0
(8263,8787):128.240785, 1.0
(8263,8838):67.892104, 1.0
(8263,8862):135.692887, 1.0
(8263,8928):135.690189, 1.0
(8263,9065):38.104296, 1.0
(8263,9107):68.798194, 1.0
(8263,9160):109.264653, 1.0
(8263,9274):96.039071, 1.0
(8263,9297):26.503016, 0.666667
(8288,8705):115.985781, 0.6
(8288,8939):133.355338, 1.0
(8288,11188):92.366438, 0.75
(8288,11360):95.477294, 0.75
(8288,11625):102.940291, 0.75
(8288,11634):59.832217, 0.75
(8288,12324):70.015505, 0.75
(8288,12629):90.271836, 0.75
(8288,12794):112.876185, 0.75
(8288,13088):135.619894, 0.75
(8288,13136):114.632465, 0.75
(8316,8330):32.197284, 1.0
(8316,8510):126.463028, 0.6
(8316,8682):67.22217, 1.0
(8316,8895):82.608253, 1.0
(8316,9057):73.640006, 0.6
(8316,9156):149.937731, 1.0
(8323,10887):102.107301, 0.75
(8330,8510):125.371802, 0.6
(8330,8682):36.582707, 1.0
(8330,8895):64.642614, 1.0
(8330,9057):78.916161, 0.6
(8330,9156):119.883742, 1.0
(8330,9171):123.735556, 1.0
(8330,9351):148.989132, 0.6
(8330,9492):132.997579, 0.8
(8405,8426):113.804693, 1.0
(8428,8514):51.363707, 1.0
(8428,8838):98.715525, 1.0
(8428,9065):55.820156, 1.0
(8428,9107):139.380721, 1.0
(8428,9297):58.819154, 0.666667
(8436,8510):148.983397, 0.6
(8436,8682):126.816611, 1.0
(8436,8691):48.572576, 1.0
(8436,9156):50.596098, 1.0
(8436,9171):95.77627, 1.0
(8436,9351):52.563728, 0.6
(8436,9492):56.004265, 0.8
(8510,8682):118.57167, 0.6
(8510,8691):119.135093, 0.6
(8510,9057):53.932917, 1.0
(8510,9156):143.852777, 0.6
(8510,9351):100.559086, 1.0
(8510,9394):145.266083, 0.666667
(8514,8838):120.76169, 1.0
(8514,9065):69.908361, 1.0
(8514,9107):141.410232, 1.0
(8514,9297):60.529311, 0.666667
(8621,8787):78.114549, 1.0
(8621,8838):83.190909, 1.0
(8621,8862):82.796245, 1.0
(8621,8928):84.97851, 1.0
(8621,9065):102.02355, 1.0
(8621,9107):24.68796, 1.0
(8621,9160):69.111117, 1.0
(8621,9274):37.063105, 1.0
(8621,9297):99.648529, 0.666667
(8652,12529):128.678969, 0.666667
(8682,8691):139.248946, 1.0
(8682,8895):75.242278, 1.0
(8682,9057):85.087148, 0.6
(8682,9156):83.306903, 1.0
(8682,9171):92.13798, 1.0
(8682,9351):118.33909, 0.6
(8682,9492):96.94613, 0.8
(8685,9601):83.356209, 0.6
(8691,9057):148.180398, 0.6
(8691,9156):85.2967, 1.0
(8691,9171):136.892667, 1.0
(8691,9351):22.833926, 0.6
(8691,9492):98.51181, 0.8
(8705,8939):119.109373, 0.6
(8705,9037):42.887302, 0.6
(8705,9780):120.794153, 0.75
(8705,10878):57.835183, 0.75
(8705,11188):33.598397, 0.75
(8705,11360):122.958747, 0.75
(8705,11625):144.982753, 0.75
(8705,11634):118.482285, 0.75
(8705,12324):128.888709, 0.75
(8705,12629):116.426836, 0.75
(8705,12794):72.756053, 0.75
(8705,13088):24.744742, 0.75
(8705,13136):125.109137, 0.75
(8716,9922):43.781088, 0.666667
(8731,8744):142.874295, 1.0
(8731,8905):90.946455, 0.75
(8731,9922):23.618844, 0.666667
(8744,9922):121.59102, 0.666667
(8761,9312):64.920418, 0.6
(8787,8862):7.913919, 1.0
(8787,8928):7.556302, 1.0
(8787,9107):102.197207, 1.0
(8787,9160):20.648398, 1.0
(8787,9274):110.69111, 1.0
(8838,9065):50.870173, 1.0
(8838,9107):58.767236, 1.0
(8838,9160):144.854034, 1.0
(8838,9274):69.631886, 1.0
(8838,9297):62.000019, 0.666667
(8862,8928):4.04287, 1.0
(8862,9107):107.193397, 1.0
(8862,9160):28.56132, 1.0
(8862,9274):114.023018, 1.0
(8865,8889):98.269846, 1.0
(8895,9057):143.546777, 0.6
(8895,9156):137.086747, 1.0
(8895,9171):114.025898, 1.0
(8895,9492):141.052859, 0.8
(8928,9107):109.222829, 1.0
(8928,9160):27.390113, 1.0
(8928,9274):116.832351, 1.0
(8939,9780):47.405414, 0.75
(8939,11188):133.46708, 0.75
(8939,11360):46.56959, 0.75
(8939,11625):61.128945, 0.75
(8939,11634):80.399681, 0.75
(8939,12324):78.037173, 0.75
(8939,12629):47.816452, 0.75
(8939,13088):112.991562, 0.75
(8939,13136):27.194345, 0.75
(8952,9259):50.551275, 1.0
(8989,9036):124.93971, 0.6
(8989,12082):108.760708, 0.6
(9027,13522):143.902922, 0.6
(9036,12082):16.21768, 0.6
(9037,9780):140.564106, 0.75
(9037,10878):18.232321, 0.75
(9037,11188):66.500583, 0.75
(9037,12794):84.602755, 0.75
(9037,13088):38.00996, 0.75
(9057,9156):140.758451, 0.6
(9057,9351):125.988193, 1.0
(9057,9394):98.339525, 0.666667
(9065,9107):83.56272, 1.0
(9065,9160):144.7444, 1.0
(9065,9274):105.933924, 1.0
(9065,9297):15.314776, 0.666667
(9069,11878):128.480486, 0.6
(9107,9160):91.473829, 1.0
(9107,9274):27.96813, 1.0
(9107,9297):84.158823, 0.666667
(9111,9293):53.765651, 0.666667
(9111,9557):106.467684, 1.0
(9111,9613):28.701766, 1.0
(9156,9171):52.487334, 1.0
(9156,9351):74.802664, 0.6
(9156,9492):21.050687, 0.8
(9160,9274):104.726169, 1.0
(9160,9297):135.62285, 0.666667
(9171,9351):127.283718, 0.6
(9171,9492):39.77218, 0.8
(9274,9297):108.923962, 0.666667
(9293,9557):74.005877, 0.666667
(9293,9613):78.71836, 0.666667
(9372,10733):129.374664, 1.0
(9557,9613):116.501069, 1.0
(9582,9607):23.340991, 0.6
(9644,10038):59.321708, 0.6
(9644,10700):146.583718, 0.6
(9677,9938):68.407177, 1.0
(9697,12584):128.046913, 0.6
(9697,12620):98.757684, 0.6
(9739,11057):85.241461, 1.0
(9739,11397):59.570903, 1.0
(9780,11188):145.05606, 1.0
(9780,11360):93.083791, 1.0
(9780,11625):108.500564, 1.0
(9780,11634):123.854126, 1.0
(9780,12324):123.512633, 1.0
(9780,12629):93.099845, 1.0
(9780,13088):105.501573, 1.0
(9780,13136):74.576683, 1.0
(9919,11256):133.249784, 1.0
(10038,10700):141.272111, 1.0
(10053,12410):17.965109, 0.6
(10189,11612):24.520642, 0.666667
(10650,10795):72.202007, 1.0
(10650,10834):97.004299, 1.0
(10795,10834):105.77336, 1.0
(10822,10872):104.83725, 0.8
(10878,11188):75.446894, 1.0
(10878,12794):83.167672, 1.0
(10878,13088):56.16475, 1.0
(11057,11397):26.00806, 1.0
(11057,12334):125.680322, 1.0
(11188,11360):125.227256, 1.0
(11188,11625):145.277772, 1.0
(11188,11634):110.748432, 1.0
(11188,12324):122.604684, 1.0
(11188,12629):118.211536, 1.0
(11188,12794):46.813926, 1.0
(11188,13088):58.334591, 1.0
(11188,13136):132.730548, 1.0
(11360,11625):22.623454, 1.0
(11360,11634):36.88567, 1.0
(11360,12324):31.898381, 1.0
(11360,12629):7.058176, 1.0
(11360,13088):126.243461, 1.0
(11360,13136):20.944532, 1.0
(11366,11557):78.45614, 0.6
(11397,12334):138.15161, 1.0
(11581,12435):95.656331, 1.0
(11625,11634):43.685787, 1.0
(11625,12324):32.967273, 1.0
(11625,12629):28.635273, 1.0
(11625,13088):148.83924, 1.0
(11625,13136):34.188245, 1.0
(11634,12324):12.422051, 1.0
(11634,12629):33.094118, 1.0
(11634,12794):148.120455, 1.0
(11634,13088):128.829502, 1.0
(11634,13136):57.399631, 1.0
(11794,13840):40.509189, 0.6
(11794,14735):20.482562, 0.6
(11878,13528):66.377827, 0.6
(12324,12629):30.446958, 1.0
(12324,13088):137.872856, 1.0
(12324,13136):52.803355, 1.0
(12396,13040):48.985903, 1.0
(12620,14735):40.715345, 0.6
(12629,13088):120.380503, 1.0
(12629,13136):24.546514, 1.0
(12711,12726):82.206352, 0.8
(12794,13088):95.300844, 1.0
(13088,13136):124.240643, 1.0
(13494,13648):92.69625, 0.6
(13536,14937):31.71877, 0.6
(13654,14280):107.483345, 1.0
(13840,14735):44.280797, 0.6
(13978,14240):72.745766, 1.0
(14240,14271):88.475023, 0.666667
(14254,14395):15.344572, 0.6
(14310,14345):48.430166, 1.0
(14345,14441):134.202581, 1.0
(14388,14580):28.682006, 0.6
(14388,14829):34.566834, 0.6
(14421,14595):36.146417, 0.666667
(14580,14829):10.592269, 0.6
(14894,14989):56.468667, 0.666667
